0 1
20 1
50 1
80 1
110 1
140.0 1
170.0 1
200.0 1
230.0 1
260.0 1
290.0 1
320.0 1
350.0 1
400.0 1
430.0 1
460.0 1
490.0 1
540.0 1
570.0 1
600.0 1
630.0 1
680.0 1
710.0 1
740.0 1
770.0 1
820.0 1
850.0 1
880.0 1
910.0 1
960.0 1
990.0 2
1020.0 3
1050.0 4
1100.0 3
1130.0 2
1160.0 2
1190.0 1
1240.0 3
1276.0 1
1307.0 1
1338.0 1
1388.0 1
1419.0 1
1450.0 1
1466.0 2
1516.0 1
1547.0 2
1578.0 2
1594.0 1
1644.0 4
1675.0 2
1706.0 3
1722.0 1
1776.0 1
1808.0 3
1839.0 4
1867.0 5
1904.0 3
1935.0 1
1965.0 2
1983.0 4
2020.0 5
2056.0 7
2087.0 9
2107.0 6
2143.0 2
2176.0 6
2197.0 6
2217.0 5
2253.0 5
2285.0 6
2306.0 5
2321.0 4
2357.0 3
2389.0 5
2410.0 8
2425.0 9
2461.0 11
2493.0 10
2514.0 10
2529.0 7
2565.0 8
2596.0 7
2616.0 15
2631.0 13
2667.0 7
2698.0 15
2714.0 10
2729.0 10
2765.0 7
2796.0 5
2811.0 11
2826.0 10
2863.0 13
2895.0 12
2912.0 7
2928.0 11
2962.0 14
2993.0 16
3009.0 17
3034.0 19
3067.0 13
3098.0 10
3114.0 13
3139.0 19
3173.0 16
3205.0 16
3222.0 25
3248.0 28
3281.0 24
3313.0 24
3330.0 28
3356.0 24
3391.0 23
3424.0 24
3442.0 30
3469.0 27
3504.0 21
3537.0 25
3555.0 32
3582.0 26
3617.0 17
3650.0 14
3668.0 17
3695.0 23
3731.0 20
3765.0 21
3784.0 24
3812.0 27
3849.0 18
3884.0 25
3904.0 17
3933.0 25
3970.0 26
4005.0 19
4025.0 31
4054.0 33
4091.0 36
4126.0 37
4146.0 33
4173.0 35
4211.0 44
4247.0 39
4268.0 40
4297.0 41
4336.0 37
4373.0 41
4395.0 32
4425.0 34
4466.0 46
4504.0 51
4527.0 62
4558.0 58
4599.0 60
4637.0 49
4660.0 46
4691.0 49
4733.0 51
4772.0 45
4797.0 45
4830.0 38
4872.0 40
4911.0 37
4936.0 39
4969.0 34
5012.0 33
5052.0 24
5080.0 27
5107.0 26
5150.0 34
5190.0 28
5216.0 25
5242.0 26
5286.0 35
5327.0 25
5357.0 22
5385.0 24
5429.0 23
5470.0 15
5498.0 17
5533.0 18
5579.0 12
5625.0 16
5667.0 20
5706.0 16
5752.0 17
5794.0 11
5823.0 12
5860.0 7
5907.0 8
5950.0 7
5979.0 5
6018.0 2
6064.0 7
6107.0 7
6136.0 5
6172.0 1
6216.0 5
6259.0 1
6287.0 1
6323.0 1
6367.0 2
6410.0 3
6436.0 3
6457.0 1
6501.0 1
6537.0 1
6562.0 1
6583.0 1
6627.0 4
6663.0 4
6688.0 4
6703.0 2
6747.0 2
6782.0 1
6807.0 1
6822.0 1
6866.0 2
6906.0 3
6941.0 1
6966.0 1
7010.0 1
7053.0 1
7089.0 1
7115.0 1
7159.0 1
7202.0 1
7238.0 1
7263.0 1
7307.0 1
7350.0 1
7386.0 1
7411.0 1
7455.0 1
7498.0 2
7534.0 1
7559.0 1
7602.0 1
7642.0 1
7671.0 1
7696.0 1
7739.0 1
7775.0 1
7804.0 1
7829.0 1
7872.0 1
7908.0 1
7937.0 1
7962.0 1
