0 0.0
25 1.5
54 20.0
48 0.0
230 15.272727272727273
88 17.0
10 0.0
47 0.0
198 17.3
150 5.777777777777778
164 11.454545454545455
305 3.95
140 4.6
234 7.190476190476191
167 3.7
229 2.5135135135135136
426 3.8666666666666667
386 9.484848484848484
255 2.4047619047619047
645 7.120689655172414
458 7.654545454545454
759 5.842105263157895
1047 7.75
1140 8.07920792079208
1034 7.79047619047619
841 8.864864864864865
1343 9.965909090909092
1176 10.068965517241379
1202 6.445544554455446
2369 9.381294964028777
2422 9.835443037974683
2699 12.927152317880795
3696 11.94300518134715
4616 16.469483568075116
4457 14.510526315789473
3329 20.655844155844157
2681 16.483050847457626
2527 22.221238938053098
2310 15.083333333333334
1957 26.417721518987342
1313 13.196969696969697
1391 14.482142857142858
498 8.407407407407407
450 5.0476190476190474
91 4.5
133 3.5555555555555554
130 8.923076923076923
118 13.5
121 16.0
18 2.0
8 0.0
51 3.2
39 7.75
