0 0
1 0.0
2 0.0
3 20.0
4 20.0
5 20.0
6 20.0
7 20.0
8 20.0
9 35.27272727272727
10 52.27272727272727
11 52.27272727272727
12 52.27272727272728
13 69.57272727272728
14 75.35050505050505
15 86.8050505050505
16 96.3650505050505
17 100.9650505050505
18 108.15552669552669
19 111.85552669552669
20 115.8055266955267
21 118.31904020904022
22 122.18570687570688
23 131.67055536055534
24 134.07531726531724
25 141.19600692048965
26 148.8505523750351
27 154.692657638193
28 162.442657638193
29 170.52186555898507
30 178.31234174946127
31 187.17720661432614
32 197.14311570523523
33 207.2120812224766
34 213.65762577693204
35 223.0389207409608
36 232.87436377893548
37 245.80151609681627
38 257.7445212781634
39 274.21400484623854
40 288.72453116202803
41 309.38037531787216
42 325.86342616532977
43 348.08466510338286
44 363.16799843671623
45 389.58571995570355
46 402.7826896526733
47 417.26483250981613
48 425.6722399172235
49 430.71985896484256
50 435.21985896484256
51 438.7754145203981
52 440.2754145203981
53 449.19849144347506
54 462.6984914434751
55 478.6984914434752
56 480.6984914434752
57 480.6984914434751
58 480.6984914434752
59 483.8984914434752
60 491.6484914434752
61 491.6484914434752
62 491.6484914434753
