0 0.0
20 0.0
50 0.0
80 0.0
110 0.0
140.0 0.0
170.0 0.0
200.0 0.0
230.0 25.0
260.0 55.0
290.0 0.0
320.0 0.0
350.0 0.0
400.0 0.0
430.0 0.0
460.0 0.0
490.0 0.0
540.0 0.0
570.0 0.0
600.0 0.0
630.0 0.0
680.0 0.0
710.0 0.0
740.0 0.0
770.0 0.0
820.0 0.0
850.0 0.0
880.0 0.0
910.0 0.0
960.0 0.0
990.0 0.0
1020.0 0.0
1050.0 5.75
1100.0 41.666666666666664
1130.0 0.0
1160.0 10.0
1190.0 26.0
1240.0 25.333333333333332
1276.0 0.0
1307.0 0.0
1338.0 0.0
1388.0 0.0
1419.0 0.0
1450.0 0.0
1466.0 0.0
1516.0 0.0
1547.0 0.0
1578.0 0.0
1594.0 0.0
1644.0 13.0
1675.0 25.0
1706.0 23.666666666666668
1722.0 0.0
1776.0 7.0
1808.0 0.0
1839.0 11.25
1867.0 3.6
1904.0 34.0
1935.0 0.0
1965.0 3.0
1983.0 6.0
2020.0 0.4
2056.0 7.714285714285714
2087.0 17.666666666666668
2107.0 0.16666666666666666
2143.0 0.0
2176.0 3.5
2197.0 11.666666666666666
2217.0 3.4
2253.0 20.8
2285.0 0.0
2306.0 6.0
2321.0 0.25
2357.0 3.3333333333333335
2389.0 2.4
2410.0 6.375
2425.0 0.0
2461.0 3.3636363636363638
2493.0 3.2
2514.0 8.9
2529.0 1.1428571428571428
2565.0 8.375
2596.0 0.0
2616.0 1.2
2631.0 0.6923076923076923
2667.0 13.0
2698.0 1.8666666666666667
2714.0 4.6
2729.0 5.0
2765.0 28.285714285714285
2796.0 8.4
2811.0 2.090909090909091
2826.0 1.5
2863.0 4.230769230769231
2895.0 2.5833333333333335
2912.0 0.0
2928.0 1.8181818181818181
2962.0 5.714285714285714
2993.0 8.5
3009.0 10.411764705882353
3034.0 13.526315789473685
3067.0 7.6923076923076925
3098.0 2.6
3114.0 2.923076923076923
3139.0 2.0
3173.0 5.5
3205.0 7.375
3222.0 8.0
3248.0 6.857142857142857
3281.0 9.083333333333334
3313.0 6.916666666666667
3330.0 8.214285714285714
3356.0 6.5
3391.0 7.6521739130434785
3424.0 7.791666666666667
3442.0 9.9
3469.0 10.592592592592593
3504.0 6.0
3537.0 7.72
3555.0 6.65625
3582.0 10.73076923076923
3617.0 9.941176470588236
3650.0 5.0
3668.0 8.117647058823529
3695.0 4.565217391304348
3731.0 11.85
3765.0 8.80952380952381
3784.0 14.583333333333334
3812.0 8.814814814814815
3849.0 14.777777777777779
3884.0 5.6
3904.0 13.647058823529411
3933.0 3.44
3970.0 12.76923076923077
4005.0 2.9473684210526314
4025.0 5.709677419354839
4054.0 2.484848484848485
4091.0 16.555555555555557
4126.0 9.243243243243244
4146.0 8.606060606060606
4173.0 9.542857142857143
4211.0 11.659090909090908
4247.0 6.3076923076923075
4268.0 11.525
4297.0 5.365853658536586
4336.0 12.54054054054054
4373.0 11.365853658536585
4395.0 25.0625
4425.0 8.735294117647058
4466.0 11.26086956521739
4504.0 9.862745098039216
4527.0 15.919354838709678
4558.0 19.724137931034484
4599.0 15.316666666666666
4637.0 13.0
4660.0 17.565217391304348
4691.0 13.26530612244898
4733.0 15.27450980392157
4772.0 10.177777777777777
4797.0 19.333333333333332
4830.0 30.210526315789473
4872.0 33.7
4911.0 3.6216216216216215
4936.0 14.128205128205128
4969.0 7.147058823529412
5012.0 27.96969696969697
5052.0 9.25
5080.0 20.62962962962963
5107.0 20.846153846153847
5150.0 33.05882352941177
5190.0 9.821428571428571
5216.0 22.8
5242.0 16.653846153846153
5286.0 27.37142857142857
5327.0 2.32
5357.0 8.181818181818182
5385.0 26.041666666666668
5429.0 46.17391304347826
5470.0 2.533333333333333
5498.0 21.294117647058822
5533.0 4.0
5579.0 24.416666666666668
5625.0 11.75
5667.0 15.9
5706.0 9.5625
5752.0 26.529411764705884
5794.0 2.1818181818181817
5823.0 15.25
5860.0 8.428571428571429
5907.0 14.625
5950.0 0.14285714285714285
5979.0 10.0
6018.0 0.0
6064.0 1.7142857142857142
6107.0 5.857142857142857
6136.0 10.6
6172.0 36.0
6216.0 0.0
6259.0 0.0
6287.0 0.0
6323.0 10.0
6367.0 2.0
6410.0 0.0
6436.0 6.0
6457.0 6.0
6501.0 0.0
6537.0 0.0
6562.0 0.0
6583.0 1.0
6627.0 0.0
6663.0 6.0
6688.0 22.75
6703.0 7.5
6747.0 29.5
6782.0 0.0
6807.0 7.0
6822.0 22.0
6866.0 33.0
6906.0 7.333333333333333
6941.0 2.0
6966.0 0.0
7010.0 0.0
7053.0 0.0
7089.0 8.0
7115.0 0.0
7159.0 0.0
7202.0 0.0
7238.0 0.0
7263.0 0.0
7307.0 0.0
7350.0 0.0
7386.0 0.0
7411.0 0.0
7455.0 0.0
7498.0 5.0
7534.0 6.0
7559.0 31.0
7602.0 0.0
7642.0 0.0
7671.0 0.0
7696.0 0.0
7739.0 0.0
7775.0 0.0
7804.0 0.0
7829.0 0.0
7872.0 0.0
7908.0 0.0
7937.0 0.0
7962.0 0.0
