0
0.0
0.0
6.666666666666667
5.0
4.0
3.3333333333333335
2.857142857142857
2.5
3.919191919191919
5.2272727272727275
4.75206611570248
4.356060606060606
5.351748251748252
5.382178932178932
5.787003367003367
6.0228156565656565
5.939120617944147
6.008640371973705
5.887132983975089
5.790276334776335
5.634240009954296
5.553895767077585
5.724806754806754
5.586471552721552
5.647840276819586
5.725021245193658
5.729357690303444
5.801523487078321
5.880064329620175
5.943744724982042
6.037974406913746
6.160722365788601
6.279153976438685
6.284047816968589
6.37254059259888
6.468732327192652
6.643284218832872
6.782750559951668
7.031128329390731
7.2181132790507005
7.545862812631029
7.758653003936423
8.094992211706579
8.253818146289005
8.65746044346008
8.756145427232028
8.877975159783322
8.868171664942157
8.790201203364134
8.704397179296851
8.603439500399963
8.466834894623041
8.47544323478255
8.568490582286577
8.703608935335913
8.583901632919199
8.433306867429389
8.287905024887504
8.20166934649958
8.19414152405792
8.059811335138939
7.929814378120569
