0
0.0
0.0
7.698003589195009
2.5
1.7888543819998317
1.3608276348795434
1.0798984943120777
0.8838834764831844
3.7845117845117846
3.7228632453800468
1.4328018440678851
1.2574863817577078
3.3138487946518413
0.10572823877386893
1.463353074598675
0.884296085858586
0.3247844560721243
0.2785613738374205
0.5017627185911566
0.41149829819440453
0.6809983520568678
0.35971845286364
0.7840228981698011
0.6494637622659526
0.2945698756705655
0.37841083059363456
0.021698280512664685
0.3682274491886495
0.4083707128625631
0.3371654937685728
0.5077245144969187
0.6726683342534325
0.6597215095367845
0.027696461984127143
0.5085723116894002
0.5611184517970051
1.033061551843919
0.8371038380793601
1.5113463993271028
1.1530317417399836
2.047435104659035
1.3462038136573722
2.154232429933481
1.0295881534299962
2.6475434042014987
0.6547638172702646
0.817451873528124
0.06650559203016151
0.5346545936778695
0.5945915512564792
0.7068451354450368
0.9661261707790435
0.0614872158665469
0.6710934297293152
0.9838451704549112
0.879810863521612
1.1170187822969069
1.0882552446981482
0.6511618853069493
0.05733842420118359
1.0319530961989782
1.007087433109249
