0 491.6484914434753
25 440.2754145203981
54 20.0
48 20.0
230 35.27272727272727
88 52.27272727272727
10 52.27272727272727
47 52.27272727272728
198 69.57272727272728
150 75.35050505050505
164 86.8050505050505
305 115.8055266955267
140 100.9650505050505
234 108.15552669552669
167 111.85552669552669
229 118.31904020904022
426 122.18570687570688
386 131.67055536055534
255 134.07531726531724
645 141.19600692048965
458 148.8505523750351
759 154.692657638193
1047 162.442657638193
1140 170.52186555898507
1034 178.31234174946127
841 187.17720661432614
1343 197.14311570523523
1176 207.2120812224766
1202 213.65762577693204
2369 223.0389207409608
2422 232.87436377893548
2699 245.80151609681627
3696 257.7445212781634
4616 274.21400484623854
4457 288.72453116202803
3329 309.38037531787216
2681 325.86342616532977
2527 348.08466510338286
2310 363.16799843671623
1957 389.58571995570355
1313 402.7826896526733
1391 417.26483250981613
498 425.6722399172235
450 430.71985896484256
91 435.21985896484256
133 438.7754145203981
130 449.19849144347506
118 462.6984914434751
121 478.6984914434752
18 480.6984914434752
8 480.6984914434751
51 483.8984914434752
39 491.6484914434752
